{
   "id": 3,
   "yaw" : 1.57079632679,
   "k" : [381.7715148925781, 0.0, 318.88604736328125, 0.0, 381.3864440917969, 241.0621795654297, 0.0, 0.0, 1.0],
   "t" : [0, 0, 1, -1, 0, 0, 0, -1, 0]
}